escuelaId,anio,semestre,cantidad_alumnos,numero_inscripciones,tasa_desercion,tasa_promocion,numero_maestros,promedio_calificaciones,esUrbana
1,2005,1,300,280,5.25,89.5,15,7.85,true
1,2005,2,290,270,6.1,87.75,14,7.7,true
1,2006,1,150,140,4.5,90,8,8.2,true
1,2006,2,220,200,9,85.2,10,7.4,true
1,2007,1,180,160,7.35,88.1,9,7.95,true
1,2007,2,189,574,2.91,87.61,19,6.81,true
1,2008,1,502,239,11.13,81.11,8,8.4,true
1,2008,2,334,402,7.69,95.75,8,9.24,true
1,2009,1,131,174,6.82,96.11,37,6.24,true
1,2009,2,376,527,10.88,95.46,35,8.88,true
1,2010,1,189,88,5.6,82.12,29,8.07,true
1,2010,2,293,404,10.99,94.29,34,7.67,true
1,2011,1,181,510,11.12,95.78,29,6.64,true
1,2011,2,195,236,7.01,86.57,23,8.08,true
1,2012,1,508,197,9.23,81.45,38,6.82,true
1,2012,2,402,188,11.83,88.97,22,6.51,true
1,2013,1,554,158,4.04,87.32,17,9.2,true
1,2013,2,350,383,2.94,92.22,33,8.28,true
1,2014,1,263,475,9.32,85.93,20,6.86,true
1,2014,2,375,161,4.16,84.23,26,6.74,true
1,2015,1,154,554,8.37,86.59,28,7.76,true
1,2015,2,522,500,11.83,81.57,31,7.38,true
1,2016,1,275,433,2.3,81.8,37,8.13,true
1,2016,2,498,177,3.76,89.27,7,6.97,true
1,2017,1,261,388,9.59,97.71,11,6.06,true
1,2017,2,376,430,11.8,93.63,38,8.17,true
1,2018,1,159,106,11.45,95.72,21,7.65,true
1,2018,2,129,257,10.6,85.97,10,6.59,true
1,2019,1,469,426,11.42,88.18,10,7.24,true
1,2019,2,204,257,10.62,93.04,31,6.89,true
1,2020,1,213,328,7.56,83.46,14,6.94,true
1,2020,2,551,424,7.79,96.47,11,7.34,true
1,2021,1,470,89,7,86.51,35,8.79,true
1,2021,2,308,238,8.23,90.36,31,8.89,true
1,2022,1,217,114,8.27,84.64,10,6.84,true
1,2022,2,456,123,7.9,93.14,5,8.36,true
1,2023,1,149,273,10.19,94.79,20,9.3,true
1,2023,2,226,364,3.49,82.33,15,9.17,true
1,2024,1,287,91,8.56,86.78,13,6.26,true
1,2024,2,170,304,8.76,85.31,31,9.04,true
2,2005,1,451,308,9.06,85.67,20,7.13,false
2,2005,2,557,315,4.86,87.14,34,6.59,false
2,2006,1,380,224,9.65,92.91,38,8.91,false
2,2006,2,145,234,10.08,92.67,5,7.22,false
2,2007,1,420,371,11.89,81.32,36,9.5,false
2,2007,2,286,517,5.48,96.71,6,6.11,false
2,2008,1,590,529,8.25,96.6,35,8.56,false
2,2008,2,328,129,2.98,96.93,36,6.64,false
2,2009,1,166,380,11.79,82.28,31,6.53,false
2,2009,2,381,88,3.53,80.69,36,7.48,false
2,2010,1,563,503,3.5,87.16,25,7.14,false
2,2010,2,113,251,3.43,92.62,12,7.21,false
2,2011,1,569,230,10.5,80.23,32,9.46,false
2,2011,2,261,298,7.91,81.61,26,7.34,false
2,2012,1,479,578,3.83,83.6,30,8.83,false
2,2012,2,350,527,10.35,97.78,29,8.33,false
2,2013,1,393,428,11.76,89.45,19,7,false
2,2013,2,121,531,7.86,94.04,22,8,false
2,2014,1,168,115,5.04,82.47,38,9.13,false
2,2014,2,374,168,4.45,90.25,31,9.47,false
2,2015,1,281,194,4.75,84.78,33,6.49,false
2,2015,2,466,493,2.96,92.84,30,8.33,false
2,2016,1,375,146,8.08,82.04,23,7.17,false
2,2016,2,586,516,11.47,83.5,14,6.99,false
2,2017,1,444,550,6.72,97.74,5,6.94,false
2,2017,2,346,232,3.7,93.85,26,7.62,false
2,2018,1,441,541,4.12,91.86,23,6.03,false
2,2018,2,538,351,9.31,95.79,36,8.85,false
2,2019,1,599,95,2.23,93.75,18,9.38,false
2,2019,2,414,303,3.88,88.77,31,9.28,false
2,2020,1,200,292,3.67,82.73,24,6.63,false
2,2020,2,288,153,8.77,82.57,21,6.48,false
2,2021,1,341,534,3.99,96.14,36,6.74,false
2,2021,2,229,504,9.02,93.18,21,8.24,false
2,2022,1,389,571,6.28,96.58,36,6.56,false
2,2022,2,269,226,11.55,89.01,33,6.09,false
2,2023,1,504,201,8.9,93.05,28,8.74,false
2,2023,2,286,416,6.85,90.93,15,8.57,false
2,2024,1,187,321,11.86,90.61,24,8.37,false
2,2024,2,404,136,9.38,82.45,18,9.5,false
3,2005,1,588,301,6.19,92.6,11,6.56,true
3,2005,2,401,258,10.59,93.17,31,6.86,true
3,2006,1,227,398,9.39,82.39,27,8.66,true
3,2006,2,268,142,4.12,88.79,30,8.07,true
3,2007,1,268,97,2.09,92.59,36,6.43,true
3,2007,2,424,396,7.21,87.16,26,7.96,true
3,2008,1,117,290,10.11,92.73,11,8.06,true
3,2008,2,598,279,2.43,86.04,39,6.91,true
3,2009,1,294,457,9.22,97.6,20,9.49,true
3,2009,2,591,579,10.42,83.93,34,8.89,true
3,2010,1,103,554,5.4,96.61,24,7.56,true
3,2010,2,151,233,9.21,82.27,26,6.01,true
3,2011,1,580,389,6.49,86.22,28,6.55,true
3,2011,2,299,163,7.94,83.41,11,7.29,true
3,2012,1,566,213,8.92,90.08,37,8.19,true
3,2012,2,518,386,9.32,82.61,31,8.96,true
3,2013,1,530,469,5.54,88.43,16,8.64,true
3,2013,2,246,263,9.34,90.64,14,6.37,true
3,2014,1,372,534,8.1,93.09,18,6.11,true
3,2014,2,512,261,5.68,87.98,26,7.02,true
3,2015,1,238,343,9.94,92.26,34,9.19,true
3,2015,2,335,187,2.7,84.45,7,7.38,true
3,2016,1,372,517,4.81,88.01,24,6.1,true
3,2016,2,394,300,11.65,95.25,19,6.28,true
3,2017,1,227,532,2.38,88.6,8,7.28,true
3,2017,2,558,378,11.39,83.14,29,9.47,true
3,2018,1,235,540,2.42,86.04,25,8.39,true
3,2018,2,368,235,2.02,88.38,21,7.06,true
3,2019,1,357,515,4.86,92.63,37,8.87,true
3,2019,2,404,214,7.07,82.31,10,6.52,true
3,2020,1,270,118,11.53,87.53,8,8.78,true
3,2020,2,539,397,2.22,97.47,12,8.2,true
3,2021,1,188,176,4.3,95.16,25,9.37,true
3,2021,2,263,99,6.2,97.29,17,9.29,true
3,2022,1,440,208,6.32,88.92,12,6.75,true
3,2022,2,538,294,5.82,85.29,12,6.03,true
3,2023,1,207,124,4.65,88.5,34,6.77,true
3,2023,2,328,236,6.69,80.44,37,8.12,true
3,2024,1,465,241,10.28,86.68,38,7.4,true
3,2024,2,464,511,2.16,85.8,39,7.76,true
4,2005,1,396,324,2.21,84.4,33,6.53,false
4,2005,2,272,356,3.94,86.69,35,9.07,false
4,2006,1,451,557,5.15,84.39,6,8.63,false
4,2006,2,474,320,10.46,91.57,7,7.2,false
4,2007,1,225,261,8.17,85.58,25,6.5,false
4,2007,2,385,468,4.08,94.21,25,7.86,false
4,2008,1,130,373,10.09,94.53,22,6.75,false
4,2008,2,399,263,4.25,81.51,23,7.73,false
4,2009,1,453,417,10.41,94.68,6,7.26,false
4,2009,2,142,269,2.32,87.08,16,8.79,false
4,2010,1,300,550,6.09,83.65,34,7.38,false
4,2010,2,573,326,2.2,85.15,35,8.62,false
4,2011,1,244,468,11.52,87.91,30,6.24,false
4,2011,2,203,309,2.63,90.03,38,7.27,false
4,2012,1,470,474,3.74,92.09,34,6.04,false
4,2012,2,427,337,7.33,88.25,20,7.32,false
4,2013,1,547,82,3.62,88.17,39,6.08,false
4,2013,2,154,139,10.41,85.71,18,7.75,false
4,2014,1,471,192,3.24,95.7,31,6.1,false
4,2014,2,297,350,2.64,83.89,39,9.05,false
4,2015,1,375,409,3.09,89.2,26,9.23,false
4,2015,2,166,172,5.53,89.13,9,6.97,false
4,2016,1,470,227,3.41,92.84,39,7.35,false
4,2016,2,423,133,2.44,97.96,15,6.83,false
4,2017,1,373,476,10.05,86.93,21,6.7,false
4,2017,2,436,242,7.6,86.72,12,7.08,false
4,2018,1,109,124,4.04,80.83,5,7.16,false
4,2018,2,449,261,9.6,83.04,7,6.24,false
4,2019,1,294,125,3.93,90.72,39,8.94,false
4,2019,2,121,173,10.58,95.42,21,6.66,false
4,2020,1,231,535,5.09,84.75,32,6.64,false
4,2020,2,270,204,6.49,86.26,8,7.68,false
4,2021,1,529,517,11.8,85.5,33,7.25,false
4,2021,2,440,575,11.83,89.55,22,8.87,false
4,2022,1,562,537,5.69,87.25,5,8.08,false
4,2022,2,147,183,8.39,97.22,7,6.43,false
4,2023,1,143,514,11.23,89.87,25,9.21,false
4,2023,2,364,469,7.57,85.48,23,6.69,false
4,2024,1,227,448,6.11,92.8,15,7.55,false
4,2024,2,389,234,9.42,85.68,39,6.62,false
5,2005,1,109,194,6.47,97.31,10,8.64,false
5,2005,2,101,112,11.46,80.54,36,9.07,false
5,2006,1,172,487,2.61,81.81,37,8.25,false
5,2006,2,340,537,7.54,87.58,36,7.16,false
5,2007,1,354,263,9,93.82,7,7.64,false
5,2007,2,279,423,7.95,81.54,24,7.87,false
5,2008,1,225,327,8.89,92.78,13,7.36,false
5,2008,2,408,217,10.3,83.18,24,6.57,false
5,2009,1,185,119,6.54,85.41,34,8.34,false
5,2009,2,350,405,7.47,93.34,30,9.12,false
5,2010,1,419,202,10.32,95.24,17,7.62,false
5,2010,2,190,557,10.51,92.94,36,9.47,false
5,2011,1,331,518,5.88,97.08,24,8.26,false
5,2011,2,354,389,10.66,81.46,35,6.32,false
5,2012,1,484,108,5.55,81.39,14,6.71,false
5,2012,2,575,117,2.21,91.56,7,7.38,false
5,2013,1,315,387,9.52,93.59,20,7.99,false
5,2013,2,372,135,6.81,89.13,8,6.49,false
5,2014,1,552,517,3.07,91.07,21,7.28,false
5,2014,2,332,91,7,92.94,30,8.82,false
5,2015,1,258,446,6.89,85.92,25,7.61,false
5,2015,2,557,104,7.42,91.99,35,6.37,false
5,2016,1,463,137,4.85,89.1,19,8.91,false
5,2016,2,541,462,9.33,80.61,8,6.78,false
5,2017,1,483,566,5.77,91.73,12,7.54,false
5,2017,2,189,403,8.08,90.59,36,9.34,false
5,2018,1,465,283,9.59,94.8,26,6.5,false
5,2018,2,464,478,8.82,95.22,36,6.72,false
5,2019,1,416,513,6.15,82.07,6,6.97,false
5,2019,2,346,560,2.24,97.27,31,7.66,false
5,2020,1,260,168,4.35,92.35,38,7.42,false
5,2020,2,251,382,2.1,93.8,9,6.46,false
5,2021,1,120,466,7.18,85.74,5,7.41,false
5,2021,2,230,142,7.04,86.05,11,8.08,false
5,2022,1,582,556,2.63,85.28,31,7.13,false
5,2022,2,576,438,10.34,96.25,13,6.11,false
5,2023,1,295,191,5.5,91.12,36,8.99,false
5,2023,2,247,228,6.57,90.61,38,7.23,false
5,2024,1,400,315,11.82,81.09,38,8.79,false
5,2024,2,577,108,3.15,88.45,9,6.11,false
6,2005,1,298,569,7.61,89.45,8,8.44,false
6,2005,2,384,246,10.81,86.28,32,8.23,false
6,2006,1,582,549,6.03,81.59,19,7.87,false
6,2006,2,277,519,6.02,85.83,23,6.31,false
6,2007,1,150,202,7.08,96.17,5,7.94,false
6,2007,2,149,186,8.79,81.96,9,7.09,false
6,2008,1,232,195,4,84.32,10,7.31,false
6,2008,2,487,505,3.12,88.6,37,9.14,false
6,2009,1,550,405,11.83,95.4,17,9.4,false
6,2009,2,417,550,8.8,93.04,18,7.83,false
6,2010,1,509,298,3.94,86.24,7,7.77,false
6,2010,2,515,386,6.96,88.93,32,9.09,false
6,2011,1,374,436,10.67,91.31,8,7.09,false
6,2011,2,147,155,3.82,90.19,25,8.84,false
6,2012,1,193,139,5.51,87.79,5,8.81,false
6,2012,2,554,167,7.4,90.59,19,8.01,false
6,2013,1,509,148,8.13,97.56,6,8.92,false
6,2013,2,428,227,2.2,97.4,20,8.52,false
6,2014,1,357,346,7.24,87.39,10,6.63,false
6,2014,2,437,141,7.16,83.54,12,8.91,false
6,2015,1,502,169,11.21,86.91,8,9.16,false
6,2015,2,427,415,6.39,84.57,24,6.42,false
6,2016,1,307,365,8.06,87.99,18,6.36,false
6,2016,2,191,289,6.09,90.72,21,8.13,false
6,2017,1,424,227,4.92,83.53,20,6.1,false
6,2017,2,296,412,7.27,85.15,36,9.34,false
6,2018,1,447,570,3.35,92.89,19,9.25,false
6,2018,2,403,380,9.38,89.22,26,6.21,false
6,2019,1,337,489,11.48,94.58,15,7.66,false
6,2019,2,148,170,10.24,91.36,32,6.57,false
6,2020,1,124,479,3.4,91.81,27,6.52,false
6,2020,2,123,533,4.53,86.49,39,8.43,false
6,2021,1,304,86,3.55,82.68,16,8.79,false
6,2021,2,486,469,7.67,93.22,12,8.69,false
6,2022,1,306,407,6.19,94.78,26,6.37,false
6,2022,2,397,278,3.48,93.61,29,8.26,false
6,2023,1,182,110,6.17,87.61,31,7.69,false
6,2023,2,368,476,6.77,81.87,34,7.23,false
6,2024,1,240,300,2.84,83.8,29,7.05,false
6,2024,2,298,473,4.22,87.81,5,8.29,false
7,2005,1,144,403,11.48,86.67,13,8.96,false
7,2005,2,466,358,6.78,94.91,39,6.7,false
7,2006,1,206,401,11.55,91.33,15,8.4,false
7,2006,2,577,525,11.98,84.06,22,6.92,false
7,2007,1,182,219,8.74,87.55,7,6.58,false
7,2007,2,475,484,7.11,93.27,39,6.76,false
7,2008,1,221,469,10.05,93.87,36,7.22,false
7,2008,2,129,483,3.7,93.26,19,9.38,false
7,2009,1,251,559,3.54,91.55,17,7.02,false
7,2009,2,528,421,5.29,92.56,32,7.43,false
7,2010,1,357,554,8.89,85.89,36,8.68,false
7,2010,2,506,548,11.21,85.13,10,6.85,false
7,2011,1,287,405,9.02,97.87,26,7.9,false
7,2011,2,381,458,10.46,82.77,23,8.92,false
7,2012,1,263,549,5.08,83,25,6.54,false
7,2012,2,211,289,3.51,86.2,31,7.92,false
7,2013,1,108,298,2.93,83.97,19,6.01,false
7,2013,2,295,117,10.19,97.67,38,9.38,false
7,2014,1,279,480,10.24,87.07,36,8.08,false
7,2014,2,200,249,9.79,93.84,15,6.13,false
7,2015,1,280,264,10.15,91.9,20,6.95,false
7,2015,2,223,274,2.68,88.51,13,7.6,false
7,2016,1,509,120,6.18,92.34,29,7.33,false
7,2016,2,321,274,10.58,96.9,7,7.27,false
7,2017,1,131,447,5.24,86.49,5,8.71,false
7,2017,2,197,507,6.88,93.64,29,7.24,false
7,2018,1,591,104,8.95,84.51,21,6.44,false
7,2018,2,473,346,2.47,90.74,22,6.41,false
7,2019,1,240,245,9.18,94.8,14,7.68,false
7,2019,2,335,551,2.1,80.37,24,8.48,false
7,2020,1,519,364,5.63,95.91,14,9.01,false
7,2020,2,259,249,5.82,88.41,27,7.36,false
7,2021,1,511,506,2.39,90.54,17,7.54,false
7,2021,2,248,113,2.52,94.07,5,8.66,false
7,2022,1,587,428,10.06,84.25,9,7.07,false
7,2022,2,209,532,5.86,94.05,18,6.26,false
7,2023,1,232,450,4.94,86.34,29,8.82,false
7,2023,2,270,227,10.06,90.44,14,7.8,false
7,2024,1,169,430,11.29,83.41,15,9.01,false
7,2024,2,366,301,3.49,90.26,9,8.33,false
8,2005,1,381,428,9.14,80.36,31,7.68,true
8,2005,2,514,93,3.72,93.6,12,6.43,true
8,2006,1,120,472,4.83,94.71,36,8.46,true
8,2006,2,221,411,7.2,94.37,13,7.23,true
8,2007,1,514,490,3.5,88.13,16,6.48,true
8,2007,2,189,466,9.34,91.91,12,7.58,true
8,2008,1,379,475,9.06,80.64,12,7.81,true
8,2008,2,563,384,11.77,82.95,10,8.36,true
8,2009,1,540,251,9.6,92.97,33,6.59,true
8,2009,2,252,81,10.59,85.76,18,6.01,true
8,2010,1,425,99,6.8,85.37,30,8.67,true
8,2010,2,439,380,4.14,90.46,15,9.17,true
8,2011,1,306,148,9.83,96.42,25,8.5,true
8,2011,2,393,430,3.91,83.11,12,7.33,true
8,2012,1,262,137,9.68,83.3,15,7.14,true
8,2012,2,502,410,2.72,94.5,36,8.78,true
8,2013,1,461,472,6.04,87.31,8,7.07,true
8,2013,2,221,138,11,88.4,28,8.11,true
8,2014,1,441,274,2.92,89.55,31,7.28,true
8,2014,2,278,226,2.31,83.57,15,7.26,true
8,2015,1,303,266,6.26,81.43,12,7.67,true
8,2015,2,329,138,10.9,97.49,13,9.22,true
8,2016,1,253,165,11.99,85.29,37,9.22,true
8,2016,2,135,559,7.18,93.44,12,8.08,true
8,2017,1,386,104,10.05,94.46,9,7.3,true
8,2017,2,145,462,7.96,86.11,16,9.49,true
8,2018,1,292,568,6.57,97.87,5,7.78,true
8,2018,2,258,417,7.18,97.51,33,7.73,true
8,2019,1,495,288,8.55,89.41,23,6.28,true
8,2019,2,317,269,9.17,81.01,25,6.63,true
8,2020,1,403,187,7.33,85.61,16,7.05,true
8,2020,2,124,198,4.28,85.44,15,8.36,true
8,2021,1,230,189,5.58,88.62,22,6.52,true
8,2021,2,550,521,8.05,90.06,25,7.85,true
8,2022,1,519,343,6.52,84.53,26,8.27,true
8,2022,2,280,564,2.71,92.42,20,7.53,true
8,2023,1,170,264,7.63,80.6,21,7.38,true
8,2023,2,569,123,7.57,81.5,36,6.34,true
8,2024,1,546,383,10.25,95.85,18,8.37,true
8,2024,2,429,203,10.55,92.56,5,6.19,true
9,2005,1,487,93,5.13,86.3,20,8.44,true
9,2005,2,287,99,8.67,96.96,20,6.75,true
9,2006,1,351,80,8.75,92.91,6,8.95,true
9,2006,2,491,397,6.49,85.55,14,7.71,true
9,2007,1,519,360,6.86,92.92,33,8.18,true
9,2007,2,447,246,6.26,81.88,9,8.23,true
9,2008,1,541,292,5.51,81.96,8,7.33,true
9,2008,2,265,316,4.82,97.35,36,9.06,true
9,2009,1,584,142,4.29,94.04,37,9.06,true
9,2009,2,229,570,11.42,90.63,19,6.64,true
9,2010,1,493,460,7.59,97.19,19,6.95,true
9,2010,2,323,257,6.39,95.7,15,8.71,true
9,2011,1,350,430,4.42,96.4,10,9.42,true
9,2011,2,170,255,8.68,90.65,15,7.64,true
9,2012,1,388,223,4.18,86.2,10,8.32,true
9,2012,2,505,426,2.2,93.99,15,7.08,true
9,2013,1,332,473,10.94,93.98,23,7.08,true
9,2013,2,542,278,3.91,88.3,13,7.05,true
9,2014,1,285,245,2.01,86.03,25,8.15,true
9,2014,2,330,227,10.88,80.61,35,8.21,true
9,2015,1,570,253,8.7,90.47,13,6.39,true
9,2015,2,467,104,10.13,86.56,17,8.01,true
9,2016,1,127,137,7.86,86.55,26,8.1,true
9,2016,2,592,297,5.6,84.85,36,9.29,true
9,2017,1,312,291,3.11,89.19,7,7.45,true
9,2017,2,557,353,8.94,87.17,36,6.77,true
9,2018,1,193,437,5.13,84.66,24,6.96,true
9,2018,2,110,528,5.81,89.91,22,6.23,true
9,2019,1,423,490,9.55,80.39,31,8.34,true
9,2019,2,580,531,6.72,86.87,24,6.35,true
9,2020,1,538,234,6.32,90.93,38,8.96,true
9,2020,2,303,259,2.88,84.93,16,8.57,true
9,2021,1,131,556,4.17,92.86,19,9.02,true
9,2021,2,139,494,11.09,81.15,9,6.06,true
9,2022,1,326,187,2.66,92,15,8.78,true
9,2022,2,495,295,10.09,80.72,34,7.16,true
9,2023,1,121,264,5.56,87.73,34,6.83,true
9,2023,2,498,479,8.77,95.89,10,8.26,true
9,2024,1,159,231,9.14,94.2,27,8.3,true
9,2024,2,532,545,6.15,89.59,25,7.18,true
10,2005,1,304,569,7.36,80.62,22,6.45,true
10,2005,2,387,134,5.4,91.01,22,7.4,true
10,2006,1,309,475,8.51,91.88,15,6.47,true
10,2006,2,558,442,5.1,93.01,6,8.4,true
10,2007,1,263,535,6.9,85.58,6,8.76,true
10,2007,2,124,327,8.36,85.58,14,8.46,true
10,2008,1,130,469,8.61,83.54,33,6.11,true
10,2008,2,239,434,11.94,96.09,38,9.18,true
10,2009,1,232,271,11.03,85.96,11,7.34,true
10,2009,2,313,431,8.32,87.97,36,6.58,true
10,2010,1,463,421,9.2,85.61,32,6.54,true
10,2010,2,160,139,8.39,81.52,33,7.93,true
10,2011,1,385,146,2.77,93.96,18,8.99,true
10,2011,2,277,376,10.09,92.61,14,7.38,true
10,2012,1,308,466,11.41,88.22,29,8.92,true
10,2012,2,538,433,2.31,88.09,28,7.25,true
10,2013,1,227,390,3.83,80.43,34,7.34,true
10,2013,2,122,231,11.22,94.56,18,8.96,true
10,2014,1,133,142,11.9,89.87,14,6.68,true
10,2014,2,472,214,8.74,96.73,37,9.14,true
10,2015,1,290,333,10.77,89.52,5,7.83,true
10,2015,2,213,173,5.36,80.42,7,8.27,true
10,2016,1,465,362,2.24,83.19,30,8.98,true
10,2016,2,297,414,8.27,83.8,38,7.14,true
10,2017,1,583,283,7.16,86.23,9,9.37,true
10,2017,2,553,545,10.58,87.97,11,7.3,true
10,2018,1,408,504,11.15,92.92,21,7.6,true
10,2018,2,185,486,2.3,82.03,33,7.37,true
10,2019,1,169,307,10.79,86.7,33,9.36,true
10,2019,2,195,250,10.56,82.54,31,9.31,true
10,2020,1,171,537,5.47,97,33,6.47,true
10,2020,2,478,530,8.22,82.21,26,6.91,true
10,2021,1,146,291,5.58,87.48,7,8.21,true
10,2021,2,563,86,5.1,93.58,15,7.71,true
10,2022,1,237,313,5.14,87.68,6,7.89,true
10,2022,2,386,490,4.83,81.91,32,6.97,true
10,2023,1,230,416,2.02,93.76,34,6.32,true
10,2023,2,262,575,6.66,96.88,18,7.36,true
10,2024,1,363,450,6.85,92.34,7,8.73,true
10,2024,2,401,540,5.66,83.29,38,8.14,true
11,2005,1,329,314,10.26,97.77,23,6.29,true
11,2005,2,381,340,3.88,96.93,16,8.73,true
11,2006,1,301,511,3.67,85.66,37,7.93,true
11,2006,2,130,255,5.79,81.41,22,7.62,true
11,2007,1,525,299,10.25,96.1,38,8.74,true
11,2007,2,161,523,10.48,82.16,5,8,true
11,2008,1,148,286,5.19,85.75,24,8.67,true
11,2008,2,430,443,3.64,89.63,9,6.53,true
11,2009,1,209,425,6.68,91.38,14,7.49,true
11,2009,2,342,522,10.78,82.82,32,9.49,true
11,2010,1,519,530,4.55,96.43,30,7.69,true
11,2010,2,434,178,6.5,93.18,28,7.81,true
11,2011,1,478,269,11.5,81.55,18,7.34,true
11,2011,2,461,420,9.22,83.92,29,7.05,true
11,2012,1,162,150,3.92,84.19,26,6.44,true
11,2012,2,200,365,7.2,82.81,27,8.8,true
11,2013,1,360,538,3.76,82.72,20,7.98,true
11,2013,2,188,405,5.03,94.86,15,9.37,true
11,2014,1,552,110,11.09,90.85,11,6.3,true
11,2014,2,357,190,3.48,94.92,20,7.51,true
11,2015,1,260,553,9.51,82.16,35,9.47,true
11,2015,2,243,558,4.83,82.91,25,8.11,true
11,2016,1,167,187,4.15,80.77,26,7.76,true
11,2016,2,594,363,9.28,96.04,21,7.76,true
11,2017,1,488,225,3.94,92.25,31,6.77,true
11,2017,2,107,383,8.23,94.11,35,7.26,true
11,2018,1,225,417,9.74,88.62,31,6.94,true
11,2018,2,266,162,9.9,97.43,25,7.56,true
11,2019,1,206,145,6.41,95.39,38,7.35,true
11,2019,2,118,317,7.07,80.06,13,9.07,true
11,2020,1,410,575,2.33,94.14,17,6.29,true
11,2020,2,283,385,7.2,92.94,17,8.89,true
11,2021,1,161,144,3.32,95.65,7,9.3,true
11,2021,2,302,316,10.56,90.23,12,8.63,true
11,2022,1,423,455,3.7,87.65,38,8.77,true
11,2022,2,340,438,6.69,93.54,38,8.1,true
11,2023,1,578,364,5.34,82.95,33,7.31,true
11,2023,2,259,433,10.33,88.54,6,8.63,true
11,2024,1,270,359,10.41,92.42,8,8,true
11,2024,2,447,451,3.99,85.29,32,8.31,true
12,2005,1,265,542,8.97,97.64,36,6.91,true
12,2005,2,468,133,10.66,80.5,13,9.13,true
12,2006,1,332,448,10.37,96.91,25,7.05,true
12,2006,2,261,432,5.91,83.45,26,8.83,true
12,2007,1,374,376,2.94,91.95,17,8.04,true
12,2007,2,364,191,8.33,86.71,22,6.7,true
12,2008,1,587,208,5.71,97.07,10,7.7,true
12,2008,2,210,238,5.28,88.34,25,7.12,true
12,2009,1,420,256,2.7,93.44,38,7.09,true
12,2009,2,472,300,6.97,86.96,5,8.53,true
12,2010,1,355,228,11.45,92.37,35,7.31,true
12,2010,2,424,455,5.23,85.49,39,6.44,true
12,2011,1,171,343,6.53,90.99,5,8.26,true
12,2011,2,483,574,9.88,93.9,5,6.02,true
12,2012,1,487,483,3.38,82.15,35,7.46,true
12,2012,2,153,249,6.38,80.65,29,7,true
12,2013,1,228,181,5.38,87.1,20,7.86,true
12,2013,2,232,470,9.43,93.48,35,7.04,true
12,2014,1,161,417,11.94,87.56,16,9.02,true
12,2014,2,391,287,6,94.2,25,7.39,true
12,2015,1,564,432,7.5,84.65,9,8.22,true
12,2015,2,176,424,6.79,93.37,33,8.28,true
12,2016,1,450,475,2.54,91.89,28,9.47,true
12,2016,2,110,278,7.46,86.12,11,6.7,true
12,2017,1,331,458,7.25,90.87,9,9.27,true
12,2017,2,421,228,2.2,91.04,19,6.34,true
12,2018,1,571,286,4.52,87.07,18,8.42,true
12,2018,2,345,255,6.62,92.58,14,7.48,true
12,2019,1,514,245,8.61,81.75,25,6.77,true
12,2019,2,426,298,11.37,85.08,14,8.31,true
12,2020,1,223,410,4.34,92.05,34,9.06,true
12,2020,2,322,436,5.95,92.22,15,7.43,true
12,2021,1,501,573,10.09,83.24,34,7.3,true
12,2021,2,584,202,4.59,96.55,16,7.33,true
12,2022,1,336,162,9.3,80.33,32,9.06,true
12,2022,2,520,97,9.73,96.19,20,7.68,true
12,2023,1,315,179,3.13,93.42,29,9.3,true
12,2023,2,590,274,10.27,96.39,23,8.76,true
12,2024,1,300,396,4.79,97.78,37,8.48,true
12,2024,2,545,245,2.84,83.63,27,9.46,true
13,2005,1,352,476,7.64,96.9,20,9.11,true
13,2005,2,364,532,6.2,85.99,10,7.28,true
13,2006,1,394,155,11.73,83.95,37,6.92,true
13,2006,2,244,182,9.26,84.89,12,9.13,true
13,2007,1,151,428,2.35,94.69,20,8.43,true
13,2007,2,202,443,7.94,88.91,17,7.77,true
13,2008,1,119,198,4.82,83.46,22,7.2,true
13,2008,2,280,528,11.53,95.71,28,9.25,true
13,2009,1,384,293,9.05,81.11,25,9.46,true
13,2009,2,489,447,6.43,93.23,18,9.29,true
13,2010,1,349,248,3.26,91.27,36,7.52,true
13,2010,2,492,184,9.69,96.08,26,8.65,true
13,2011,1,481,343,11.76,81.12,10,7.99,true
13,2011,2,548,483,4.31,87.67,22,8.81,true
13,2012,1,513,258,5.53,84.52,18,8.76,true
13,2012,2,439,403,11.9,89.5,5,6.7,true
13,2013,1,298,573,5.99,87,14,8.82,true
13,2013,2,452,248,10.65,96.96,38,9.34,true
13,2014,1,291,440,2.43,94.88,5,7.75,true
13,2014,2,367,254,11.08,84.58,11,6.69,true
13,2015,1,548,307,6.66,85.72,34,8.91,true
13,2015,2,312,281,2.94,80.99,23,6.09,true
13,2016,1,145,237,8.67,87.78,14,7.93,true
13,2016,2,214,422,9.16,85.45,16,6.24,true
13,2017,1,284,421,10.75,81.18,23,7.96,true
13,2017,2,403,205,11.08,90.39,32,9.19,true
13,2018,1,501,412,3.29,89.03,32,6.33,true
13,2018,2,570,91,7.98,83.82,21,6.26,true
13,2019,1,203,486,10.46,93.3,28,7.05,true
13,2019,2,245,285,4.96,90.57,30,7.82,true
13,2020,1,526,477,7.99,91.63,23,8.44,true
13,2020,2,311,382,10.27,92.59,37,6.42,true
13,2021,1,410,159,7.39,97.59,12,7.42,true
13,2021,2,288,312,7.23,84.91,32,9.44,true
13,2022,1,150,476,7.91,98,34,8.52,true
13,2022,2,139,270,6.27,85.06,28,7.11,true
13,2023,1,114,429,9.82,80.91,7,8.04,true
13,2023,2,355,219,11.03,92.65,29,6.29,true
13,2024,1,356,311,11.31,97.04,38,6.8,true
13,2024,2,456,535,3.71,92.46,35,6.43,true
14,2005,1,290,182,7.87,87.68,28,8.22,true
14,2005,2,459,341,11.95,90.39,31,8.53,true
14,2006,1,297,197,9.98,95.34,10,6.06,true
14,2006,2,595,115,9.17,91.62,22,6.4,true
14,2007,1,323,106,7.72,93.08,9,8.41,true
14,2007,2,363,238,6.25,85.24,25,7.38,true
14,2008,1,355,314,11.3,90.28,7,7.31,true
14,2008,2,473,129,8.99,94.65,6,8.91,true
14,2009,1,335,400,4.54,84.48,37,7.76,true
14,2009,2,339,104,11.31,93.97,30,6.1,true
14,2010,1,403,574,8.55,87.35,33,8.44,true
14,2010,2,446,525,8.39,89.38,25,6.69,true
14,2011,1,328,91,3.51,92.33,6,8.15,true
14,2011,2,388,388,4.36,82.32,11,8.29,true
14,2012,1,195,119,5.36,96.04,17,8.56,true
14,2012,2,106,171,7.2,86.62,12,7.7,true
14,2013,1,269,124,9.73,97.3,25,6.22,true
14,2013,2,203,341,11.73,97.54,33,6.77,true
14,2014,1,366,147,9.34,96.83,28,7.9,true
14,2014,2,246,242,9.7,94.21,9,8.53,true
14,2015,1,529,388,2.11,83.9,38,6.53,true
14,2015,2,459,512,5.26,85.07,25,9.3,true
14,2016,1,597,576,7.09,86.17,37,7.55,true
14,2016,2,427,262,2,89.55,28,8.79,true
14,2017,1,342,336,7.99,87.85,39,6.95,true
14,2017,2,363,552,3.97,82.56,33,8.14,true
14,2018,1,402,283,3.24,86.15,9,8.27,true
14,2018,2,339,166,10.77,86.96,38,9.23,true
14,2019,1,353,163,2.19,84.18,23,8.63,true
14,2019,2,595,113,4.33,92.67,24,8.16,true
14,2020,1,267,162,10.64,88.09,39,8.97,true
14,2020,2,576,258,10.41,93.06,6,7.6,true
14,2021,1,239,217,5.63,82.55,26,8.69,true
14,2021,2,339,535,3.47,88.26,13,9.22,true
14,2022,1,441,331,7.73,96,7,7.97,true
14,2022,2,319,398,2.11,81.22,7,9.01,true
14,2023,1,198,100,6.86,91.45,24,7.48,true
14,2023,2,362,139,11.2,81.46,13,8.81,true
14,2024,1,359,382,3.31,80.54,22,7.3,true
14,2024,2,399,530,2.09,80.57,19,6.35,true
15,2005,1,401,508,3.3,95.28,8,8.99,true
15,2005,2,490,488,9.77,80.39,25,7.04,true
15,2006,1,166,213,4.08,80.38,16,8.59,true
15,2006,2,145,162,6.67,84.8,26,7.16,true
15,2007,1,118,369,7.41,94.39,21,8.1,true
15,2007,2,156,264,7.09,88.42,31,7.37,true
15,2008,1,187,536,9.67,82.81,6,7.19,true
15,2008,2,502,256,10.55,83.3,22,9.07,true
15,2009,1,460,158,4.96,96.89,27,9.29,true
15,2009,2,415,537,6.09,93.35,10,6.64,true
15,2010,1,284,204,5.43,93.32,35,9.04,true
15,2010,2,503,524,9.4,93.46,8,9.07,true
15,2011,1,238,449,5.16,96.51,8,6.4,true
15,2011,2,135,239,11.68,89.92,38,7.67,true
15,2012,1,171,342,4.09,87.73,19,9.33,true
15,2012,2,403,434,4.06,90.8,29,8.5,true
15,2013,1,576,560,5.99,88.16,19,8.81,true
15,2013,2,216,436,9.92,90.35,11,7.09,true
15,2014,1,125,88,2.93,90.76,27,7.43,true
15,2014,2,202,543,3.53,89.04,5,7.92,true
15,2015,1,258,445,5.02,80.15,29,9.46,true
15,2015,2,375,282,10.69,97.85,10,8.06,true
15,2016,1,521,254,11.93,83.51,36,9.41,true
15,2016,2,347,366,6.61,84.15,5,6.77,true
15,2017,1,150,566,5.88,94.21,7,6.48,true
15,2017,2,345,328,4.53,89.47,8,7.47,true
15,2018,1,185,529,2.14,87.36,19,8.5,true
15,2018,2,353,387,2.94,85.29,22,7.72,true
15,2019,1,596,254,10.42,81.36,36,6.54,true
15,2019,2,314,519,5.71,90.73,32,6.1,true
15,2020,1,482,175,11.66,93.22,37,8.43,true
15,2020,2,336,456,11.26,96.3,9,9.38,true
15,2021,1,397,170,11.1,94.11,30,8.73,true
15,2021,2,325,213,4.63,80.24,13,7.98,true
15,2022,1,124,435,10.08,92.6,24,8.73,true
15,2022,2,576,414,10.2,84.99,33,7.25,true
15,2023,1,173,144,10.63,87.42,9,6.26,true
15,2023,2,223,177,3.04,87.48,19,9.06,true
15,2024,1,584,510,11.96,82.55,25,7.29,true
15,2024,2,497,490,6.07,91.31,9,9.37,true
16,2005,1,133,256,7.51,93.63,8,6.31,true
16,2005,2,231,134,7.42,88.72,27,6.14,true
16,2006,1,517,503,4.21,92.73,6,9.07,true
16,2006,2,581,345,10.96,95.1,17,6.27,true
16,2007,1,531,315,7.15,88.35,23,8.04,true
16,2007,2,486,357,11.65,83.24,5,6.44,true
16,2008,1,498,517,10.26,83.55,20,8.58,true
16,2008,2,136,406,9.22,86.62,12,7.63,true
16,2009,1,135,146,8.47,81.65,38,7.11,true
16,2009,2,432,93,10.94,95.75,23,6.61,true
16,2010,1,367,418,6.25,97.23,24,8.35,true
16,2010,2,571,205,10.57,96.42,10,9.15,true
16,2011,1,451,111,2.37,80.79,22,6.88,true
16,2011,2,253,96,10.02,91,8,7.76,true
16,2012,1,294,544,11.61,84.74,23,7.09,true
16,2012,2,463,501,10.83,86.62,8,6.06,true
16,2013,1,324,401,7.53,80.46,31,9.24,true
16,2013,2,367,111,2.22,81.94,14,8.39,true
16,2014,1,384,540,6.72,81.07,5,6.18,true
16,2014,2,356,302,6.57,87.54,39,9.08,true
16,2015,1,203,432,2.39,91.61,20,7.36,true
16,2015,2,261,187,2.06,91.7,6,7.29,true
16,2016,1,203,495,8.54,85.19,26,8.39,true
16,2016,2,261,219,7.63,90.36,8,8.93,true
16,2017,1,435,142,10.16,95.6,8,6.62,true
16,2017,2,439,201,10.11,88.15,26,6.28,true
16,2018,1,277,446,5.18,92.71,36,8.89,true
16,2018,2,365,274,4.97,84.56,15,9.16,true
16,2019,1,490,217,3.87,88.51,33,9.14,true
16,2019,2,130,163,3.47,93.41,9,8.84,true
16,2020,1,192,465,2.24,95.76,11,6.72,true
16,2020,2,455,489,4.71,96.78,21,7.41,true
16,2021,1,404,576,5.57,95.66,15,6.72,true
16,2021,2,524,384,7.14,84.6,34,9.22,true
16,2022,1,337,298,7.01,83.99,10,6.91,true
16,2022,2,393,369,8.29,92.79,12,8.27,true
16,2023,1,364,265,9.52,97.78,26,7.91,true
16,2023,2,377,101,3.58,81.97,17,7.41,true
16,2024,1,253,509,5.73,85.58,5,8.3,true
16,2024,2,177,122,3.27,92.04,29,8.82,true
17,2005,1,420,327,3.21,84.56,6,9.22,true
17,2005,2,525,365,8.65,91.51,15,8.65,true
17,2006,1,511,405,6.81,87.52,26,8.28,true
17,2006,2,375,254,6.38,97.93,35,7.28,true
17,2007,1,426,84,7.17,88.93,35,6.49,true
17,2007,2,461,517,2.73,80.1,32,7.21,true
17,2008,1,105,324,7.28,89.68,26,9.22,true
17,2008,2,581,459,8.6,90.89,24,7.68,true
17,2009,1,166,131,7.86,90.15,24,8.68,true
17,2009,2,514,559,2.75,94.47,34,8.94,true
17,2010,1,533,423,5.46,81.55,32,8.58,true
17,2010,2,313,484,10.61,88.85,6,7.08,true
17,2011,1,412,541,10.32,96.21,10,7.5,true
17,2011,2,405,343,7.68,83.95,36,9.33,true
17,2012,1,326,204,3.56,81.82,33,9.23,true
17,2012,2,390,262,11.36,88.75,10,7.33,true
17,2013,1,362,402,2.32,85.57,5,7.19,true
17,2013,2,224,364,3.21,93.46,20,7.82,true
17,2014,1,143,297,2.01,83.29,7,8.86,true
17,2014,2,571,310,2.46,82.6,20,6.92,true
17,2015,1,386,234,6.41,87.27,31,7,true
17,2015,2,509,305,5.96,92.56,30,8.98,true
17,2016,1,264,280,9.95,82.01,23,9.38,true
17,2016,2,534,481,2.45,84.91,25,9.48,true
17,2017,1,145,545,10.59,96.24,15,6.7,true
17,2017,2,253,546,11.03,90.39,16,6.85,true
17,2018,1,448,388,2.55,83.71,25,8.32,true
17,2018,2,225,480,4.75,98,20,8.48,true
17,2019,1,232,359,4.05,94.47,13,8.56,true
17,2019,2,215,99,8.7,84.73,38,8.36,true
17,2020,1,383,344,6.12,93.72,15,7.25,true
17,2020,2,462,552,10.35,95.48,5,9.03,true
17,2021,1,418,428,2.48,87.66,33,9.44,true
17,2021,2,338,110,10.37,80.96,36,7.4,true
17,2022,1,540,248,10.32,89.69,18,7.83,true
17,2022,2,164,372,3.77,94.45,5,6.76,true
17,2023,1,400,201,7.74,90.94,33,8.62,true
17,2023,2,240,351,7.75,88.07,15,8.26,true
17,2024,1,200,228,6.03,88.61,29,8.43,true
17,2024,2,159,221,7.3,95.54,20,8.74,true
18,2005,1,346,151,3.93,96.96,20,9.49,true
18,2005,2,357,99,11.52,91.29,5,6.51,true
18,2006,1,194,559,2.96,95.33,12,9.19,true
18,2006,2,328,366,5.63,94.43,22,7.98,true
18,2007,1,278,275,8.18,90.41,6,8.28,true
18,2007,2,589,176,7.2,86.58,39,8.85,true
18,2008,1,154,249,5.78,94.7,27,7.16,true
18,2008,2,205,160,3.37,92.73,14,7.64,true
18,2009,1,227,248,5.66,90.63,17,9.08,true
18,2009,2,263,301,2.1,83.16,28,8.83,true
18,2010,1,593,432,10.11,92.46,29,8.08,true
18,2010,2,451,476,5.78,92.18,14,7.32,true
18,2011,1,293,330,6.79,88.21,39,8.59,true
18,2011,2,495,313,3.37,97.52,25,7.08,true
18,2012,1,573,461,11.22,80.1,25,7.57,true
18,2012,2,370,464,2.7,84.03,34,6.42,true
18,2013,1,347,423,5.57,95.95,27,6.61,true
18,2013,2,426,391,3.86,85.21,19,8.52,true
18,2014,1,233,320,9.15,92.88,38,7.18,true
18,2014,2,478,384,7.14,97.71,34,6.86,true
18,2015,1,452,298,4.05,94.57,38,6.13,true
18,2015,2,128,415,4.11,83.53,5,7.77,true
18,2016,1,425,188,5.44,95.12,34,6.18,true
18,2016,2,268,383,10.66,94.25,29,6.28,true
18,2017,1,157,512,5.66,82.64,29,6.4,true
18,2017,2,280,557,5.55,85.69,5,6.78,true
18,2018,1,574,305,11.54,83.52,13,7.6,true
18,2018,2,509,226,8.71,85.97,27,6.43,true
18,2019,1,477,499,5.31,91.52,12,6.45,true
18,2019,2,438,223,10.35,81.97,21,7.87,true
18,2020,1,160,485,6.25,86.28,15,7.68,true
18,2020,2,521,359,2.12,88.6,28,8.68,true
18,2021,1,143,496,4.08,95.19,8,9.18,true
18,2021,2,290,402,11.86,85.55,38,8.77,true
18,2022,1,190,285,6.54,81.1,31,7.51,true
18,2022,2,392,452,8.57,81.89,15,8.9,true
18,2023,1,509,280,6.61,88.02,23,6.82,true
18,2023,2,103,501,11.41,84.65,25,7.5,true
18,2024,1,113,308,8.13,96.84,19,8.85,true
18,2024,2,401,336,3.58,83.63,38,6.51,true
19,2005,1,508,483,3.52,91.33,31,7.16,false
19,2005,2,330,407,2.33,93.4,13,8.73,false
19,2006,1,333,324,7.21,86.17,14,7.03,false
19,2006,2,111,558,11.64,91.31,20,6.06,false
19,2007,1,243,510,10.92,80.4,26,8.48,false
19,2007,2,166,557,4.53,84.85,34,8.8,false
19,2008,1,374,139,5.5,85.67,29,8.16,false
19,2008,2,261,488,5.73,86.31,37,7.46,false
19,2009,1,448,220,9.42,95.82,16,7.02,false
19,2009,2,115,470,6.23,84.07,8,9.04,false
19,2010,1,167,545,4.29,84.72,35,8.64,false
19,2010,2,189,112,8.26,83.96,29,7.15,false
19,2011,1,386,351,2.27,81.5,7,7.64,false
19,2011,2,235,372,6.92,83.08,25,9.23,false
19,2012,1,422,289,9.23,87.04,37,8.77,false
19,2012,2,519,243,11.54,88.91,33,6.33,false
19,2013,1,164,558,6.68,85.65,8,7.99,false
19,2013,2,446,264,11.35,94.07,29,9.15,false
19,2014,1,257,344,8.24,96.17,15,6.28,false
19,2014,2,387,89,2.77,81.74,32,8.01,false
19,2015,1,284,453,7.62,91.7,5,8.43,false
19,2015,2,509,507,2.43,85.01,19,6.47,false
19,2016,1,483,268,6.16,91.33,15,8.89,false
19,2016,2,362,240,11.56,96.91,22,6.43,false
19,2017,1,564,484,10.01,90.05,32,6.31,false
19,2017,2,349,541,5.59,95.49,8,8.76,false
19,2018,1,100,567,11.88,87.83,37,7.23,false
19,2018,2,378,385,11.96,80.99,12,8.47,false
19,2019,1,151,89,6.97,80.68,10,8.49,false
19,2019,2,108,169,4.06,94.76,7,7.07,false
19,2020,1,240,272,3.75,90.07,8,6.64,false
19,2020,2,381,495,4.06,81.63,17,9,false
19,2021,1,203,197,8.7,93.69,33,7.76,false
19,2021,2,348,487,5.68,92.02,32,7.64,false
19,2022,1,320,142,5.29,88.14,8,7.01,false
19,2022,2,118,381,3.59,89.57,8,7.22,false
19,2023,1,255,505,10.29,92.03,22,8.33,false
19,2023,2,229,114,8.51,96.64,5,8.05,false
19,2024,1,289,474,10.4,97.54,22,8.01,false
19,2024,2,555,91,11.69,91.72,23,8.53,false
20,2005,1,580,194,7.45,93.64,16,6.43,false
20,2005,2,306,191,8.19,94.4,11,6.97,false
20,2006,1,207,559,9,83.28,29,8.07,false
20,2006,2,151,290,3.05,86.17,27,9.24,false
20,2007,1,115,188,4.56,86.16,38,8.07,false
20,2007,2,473,183,10.77,87.6,36,6.16,false
20,2008,1,444,569,2.65,96.86,34,8.76,false
20,2008,2,569,243,5.76,95.73,22,6.4,false
20,2009,1,595,109,8.01,87.1,36,7.04,false
20,2009,2,139,123,11.63,87.92,38,6.79,false
20,2010,1,558,313,4.9,94.69,39,6.88,false
20,2010,2,356,135,11.91,87.02,33,6.18,false
20,2011,1,562,100,4.53,92.19,33,6.76,false
20,2011,2,292,88,5.77,95.87,32,6.94,false
20,2012,1,312,484,9.4,80.3,16,6.61,false
20,2012,2,168,259,2.74,95.03,17,6.4,false
20,2013,1,539,310,7.83,91.11,5,6.6,false
20,2013,2,224,511,6.84,93.2,10,8.28,false
20,2014,1,544,86,3.3,84.23,36,7.24,false
20,2014,2,441,101,2.72,92.15,25,7.64,false
20,2015,1,184,513,11.33,83.08,6,6.11,false
20,2015,2,544,101,9.73,97.34,38,6.87,false
20,2016,1,256,139,2.07,86.54,23,8.28,false
20,2016,2,307,206,8.85,89.27,21,8.38,false
20,2017,1,183,323,4.13,88.1,34,7.65,false
20,2017,2,435,337,2.29,80.39,19,9.17,false
20,2018,1,461,150,8.51,95.35,37,7.74,false
20,2018,2,302,531,11.23,87.5,31,8.52,false
20,2019,1,375,328,8.22,81.16,18,7.73,false
20,2019,2,433,450,3.38,85.51,20,6.32,false
20,2020,1,514,340,7.23,97.43,32,6.21,false
20,2020,2,278,186,11.25,91.16,24,7.64,false
20,2021,1,271,317,5.14,96.9,11,8.35,false
20,2021,2,104,527,3.87,93.21,33,6.87,false
20,2022,1,387,386,2.28,86.36,21,8.66,false
20,2022,2,174,126,11.64,95.23,18,7.52,false
20,2023,1,452,566,10.93,90.68,39,6.82,false
20,2023,2,148,562,5.91,81.06,31,6.99,false
20,2024,1,304,279,8.79,87.33,8,8.68,false
20,2024,2,489,219,2.18,87.28,23,8.94,false
21,2005,1,476,329,9.12,92.53,29,6.3,false
21,2005,2,434,152,7.03,82.75,36,6.77,false
21,2006,1,578,455,8.26,84.2,8,9.38,false
21,2006,2,452,391,9.31,86.2,19,9.21,false
21,2007,1,185,477,2.07,80.9,38,7.33,false
21,2007,2,534,406,2.36,86.34,36,8.18,false
21,2008,1,187,284,3.96,87.76,9,6.93,false
21,2008,2,382,419,8.09,91.67,7,9.33,false
21,2009,1,436,287,3.56,96.01,13,7.41,false
21,2009,2,452,235,10.65,88.67,22,8.19,false
21,2010,1,494,510,6.22,82.33,39,7.68,false
21,2010,2,225,445,6.15,84.35,34,7.95,false
21,2011,1,176,373,3.59,95,39,8.22,false
21,2011,2,261,426,8.52,80.3,21,7.03,false
21,2012,1,430,550,11.74,81.26,36,9.5,false
21,2012,2,467,316,9.56,96.49,23,7.73,false
21,2013,1,140,168,9.97,82.03,31,8.5,false
21,2013,2,171,169,6.86,91.85,19,8.19,false
21,2014,1,243,380,11.96,91.3,22,8.09,false
21,2014,2,177,167,11.84,89.71,21,8.89,false
21,2015,1,317,431,6.1,81.33,25,6.06,false
21,2015,2,507,575,4.66,93.86,19,7.69,false
21,2016,1,422,184,8.84,89.85,18,8.76,false
21,2016,2,473,478,8.38,91.93,37,8.35,false
21,2017,1,225,314,2.68,90.98,31,8.25,false
21,2017,2,520,447,6.34,83.59,5,6.23,false
21,2018,1,150,150,5.6,86.61,26,9.22,false
21,2018,2,497,334,2.68,90.29,37,6.74,false
21,2019,1,164,552,4.99,92.6,14,7.86,false
21,2019,2,269,202,10.52,93.69,24,9.35,false
21,2020,1,352,152,5.55,91.37,34,7.37,false
21,2020,2,464,94,7.97,87.74,9,6.66,false
21,2021,1,347,370,2.66,97.48,36,6.64,false
21,2021,2,207,310,5.62,89.67,33,7.06,false
21,2022,1,167,253,9.56,87.09,26,7.74,false
21,2022,2,321,149,4.06,87.04,16,7.42,false
21,2023,1,109,97,10.68,84.43,26,8.26,false
21,2023,2,378,188,3.35,87.86,15,6.96,false
21,2024,1,489,575,3.63,93.3,22,7.74,false
21,2024,2,112,238,3.65,96.21,25,8.45,false
22,2005,1,394,457,11.72,95.24,27,8.01,false
22,2005,2,121,490,9.75,96.11,23,6.63,false
22,2006,1,210,471,8.72,87.15,27,8.13,false
22,2006,2,105,87,10.25,84.07,28,6.32,false
22,2007,1,587,298,10.79,97.1,18,9.19,false
22,2007,2,398,200,7.33,88.19,10,8.04,false
22,2008,1,270,341,6.14,86.52,38,8.47,false
22,2008,2,197,163,2.17,91.57,27,7.19,false
22,2009,1,259,166,3.84,85.33,7,9.29,false
22,2009,2,368,151,4.87,88.82,9,9.35,false
22,2010,1,417,147,6.48,89.24,37,8.5,false
22,2010,2,474,512,6.41,90.03,7,9.16,false
22,2011,1,362,369,10.5,87.61,8,9.5,false
22,2011,2,516,501,2.08,95.67,11,8.13,false
22,2012,1,172,393,5.03,83.4,20,9.35,false
22,2012,2,133,322,3.83,94.01,13,6.18,false
22,2013,1,452,322,8.56,97.38,36,8.45,false
22,2013,2,191,479,2.26,86.29,29,6.23,false
22,2014,1,130,109,6.82,87.65,27,7.01,false
22,2014,2,455,455,11.8,92.89,23,7.86,false
22,2015,1,157,372,2.99,93.07,18,8.43,false
22,2015,2,312,518,4.28,89.04,38,7.84,false
22,2016,1,147,92,7.2,80.48,9,7.96,false
22,2016,2,325,96,10.66,80.75,25,7.26,false
22,2017,1,565,381,5.1,95.48,22,6.39,false
22,2017,2,404,304,3.14,93.26,24,7.54,false
22,2018,1,172,575,5.34,92.38,14,8.44,false
22,2018,2,540,455,10.14,90.07,23,8.51,false
22,2019,1,181,568,9.62,85.7,39,7.26,false
22,2019,2,299,543,4.55,92.3,22,6.63,false
22,2020,1,495,512,10.15,84.29,15,7.43,false
22,2020,2,121,248,5.51,96.75,24,8.07,false
22,2021,1,109,157,5.38,88.42,7,8.05,false
22,2021,2,256,96,9.08,81.72,7,6.02,false
22,2022,1,459,316,8.48,93.73,19,6.63,false
22,2022,2,302,326,7.6,95.66,19,8.23,false
22,2023,1,403,146,11.7,97.54,37,6.06,false
22,2023,2,569,220,5.05,86.31,15,8.17,false
22,2024,1,242,540,8.42,81.73,37,7.3,false
22,2024,2,159,367,3.03,81.17,30,7.8,false
23,2005,1,401,455,7.9,93.31,9,7.71,false
23,2005,2,532,423,6.92,83.62,9,6.78,false
23,2006,1,499,346,6.41,87.52,20,8.94,false
23,2006,2,549,502,9.89,85.38,29,8.1,false
23,2007,1,378,397,11.04,92.75,24,8.89,false
23,2007,2,362,484,10.46,81.46,36,7.56,false
23,2008,1,128,315,10.52,82.21,38,8.46,false
23,2008,2,563,514,8.26,95.18,37,7.97,false
23,2009,1,347,191,11.65,80.74,16,8.61,false
23,2009,2,128,550,8.72,90.6,12,7.8,false
23,2010,1,530,393,3.17,88.38,13,7.71,false
23,2010,2,487,541,4.85,92.85,35,8.58,false
23,2011,1,354,252,7.68,91.26,27,6.74,false
23,2011,2,100,283,7.33,93.4,29,8.53,false
23,2012,1,507,382,6.26,85.5,25,8.36,false
23,2012,2,417,300,2.72,85.83,12,8.39,false
23,2013,1,290,329,3.88,87.55,9,8.23,false
23,2013,2,277,165,11.34,87.3,10,6.51,false
23,2014,1,138,131,6.92,88.94,34,6.44,false
23,2014,2,583,287,2.64,97.52,13,6.94,false
23,2015,1,121,139,3,83.71,17,6.05,false
23,2015,2,151,186,4.14,92.81,33,6.13,false
23,2016,1,594,134,5.02,86.33,19,9.08,false
23,2016,2,190,562,7.12,83.63,37,7.28,false
23,2017,1,596,192,11.25,85.5,27,8.58,false
23,2017,2,217,234,11.88,94.34,37,6.35,false
23,2018,1,506,570,6.49,91.4,9,6.77,false
23,2018,2,433,312,4.81,82.71,18,9.14,false
23,2019,1,366,464,3.88,86.91,9,7.56,false
23,2019,2,377,464,8.63,81.57,34,6.1,false
23,2020,1,510,161,3.49,83.07,18,6.73,false
23,2020,2,360,379,3.12,97.26,10,6.41,false
23,2021,1,398,101,2.85,82.99,9,8.45,false
23,2021,2,514,355,4.75,80.85,5,9.01,false
23,2022,1,493,540,5.15,81.13,16,9.03,false
23,2022,2,351,365,2.77,93.04,5,9.09,false
23,2023,1,421,458,2.06,95.42,26,6.39,false
23,2023,2,254,186,4.13,84.47,13,6.26,false
23,2024,1,535,106,10.8,81.12,38,9,false
23,2024,2,260,416,2.93,82.66,32,6.47,false
24,2005,1,435,196,3.48,82.23,12,8.38,false
24,2005,2,498,390,11.49,85.77,14,8.11,false
24,2006,1,166,500,8.83,93.75,15,9.27,false
24,2006,2,362,234,2.97,86.67,9,8.82,false
24,2007,1,262,516,2.69,80.34,19,9.16,false
24,2007,2,146,493,10.29,85.9,27,8.46,false
24,2008,1,582,315,6.28,95.74,38,7.54,false
24,2008,2,483,363,4.17,93.25,23,6.6,false
24,2009,1,426,188,2.58,94.26,28,8.17,false
24,2009,2,540,119,11.31,84.37,22,7.43,false
24,2010,1,403,281,4.56,90.81,10,8.3,false
24,2010,2,503,242,11.8,94.2,34,7.68,false
24,2011,1,278,404,4.48,90.31,36,6.38,false
24,2011,2,301,268,8.49,94.98,23,8.18,false
24,2012,1,251,376,9.79,90.66,9,6.61,false
24,2012,2,508,137,2.26,83.49,33,6.82,false
24,2013,1,342,391,2.54,86.66,30,8.61,false
24,2013,2,156,97,11.3,89.92,11,6.23,false
24,2014,1,383,162,8.79,90.28,9,9.07,false
24,2014,2,495,259,6.92,89.85,39,7.04,false
24,2015,1,330,109,6.88,95.37,26,8.63,false
24,2015,2,183,187,5.62,89.47,6,6.91,false
24,2016,1,549,117,10.91,91.98,8,8.98,false
24,2016,2,435,446,9.58,85.74,20,7.02,false
24,2017,1,480,474,5.88,92.66,36,6.22,false
24,2017,2,349,466,2.71,96.7,5,8.01,false
24,2018,1,164,412,11.89,89.62,13,7.23,false
24,2018,2,400,254,6.5,82.16,18,8.61,false
24,2019,1,287,187,8.28,97.1,9,9.31,false
24,2019,2,183,542,11.72,80.11,28,8.14,false
24,2020,1,556,436,9.8,88.16,30,8.42,false
24,2020,2,547,528,4.71,84.41,22,8.84,false
24,2021,1,579,519,3.4,97.44,37,8.63,false
24,2021,2,451,221,9.76,97.38,10,6.83,false
24,2022,1,496,211,7.32,81.2,18,8.84,false
24,2022,2,115,203,11.59,80.54,17,9.25,false
24,2023,1,409,189,7.16,90.81,23,6.43,false
24,2023,2,151,185,11.21,91.35,26,8.06,false
24,2024,1,425,499,6.84,88.86,25,8.87,false
24,2024,2,320,381,4.19,88.07,21,8.62,false
25,2005,1,456,359,2.06,86.1,34,9.39,true
25,2005,2,318,380,8.69,95.27,37,7.14,true
25,2006,1,492,418,4.84,89.92,38,8.14,true
25,2006,2,321,465,9.64,91.2,9,8.37,true
25,2007,1,320,369,10.75,95.78,17,9.26,true
25,2007,2,362,499,6.32,91.41,6,7.74,true
25,2008,1,486,158,3.04,89.18,33,8.46,true
25,2008,2,302,418,9.2,92.21,23,6.29,true
25,2009,1,155,242,7.94,96.05,20,8.42,true
25,2009,2,326,368,4.12,97.14,30,7.53,true
25,2010,1,475,435,6.73,93.61,20,9.23,true
25,2010,2,564,176,3.48,95.17,29,7.7,true
25,2011,1,488,551,6.87,84.67,25,7.2,true
25,2011,2,406,448,11.9,90.06,29,8.46,true
25,2012,1,576,182,10.86,96.02,34,8.17,true
25,2012,2,486,496,5.54,83.04,8,8.49,true
25,2013,1,557,455,10.9,96.88,8,8.97,true
25,2013,2,511,128,7.58,97.4,29,8.96,true
25,2014,1,544,481,3.96,89.2,9,7.9,true
25,2014,2,467,323,4.84,96.05,10,7.95,true
25,2015,1,564,577,6.27,97.97,36,6.39,true
25,2015,2,488,262,7.4,86.3,28,7.44,true
25,2016,1,231,197,7.68,96.64,24,8.68,true
25,2016,2,213,517,5.91,89.36,29,9.17,true
25,2017,1,427,530,3.93,81.05,30,6.15,true
25,2017,2,134,479,11.5,82.09,36,9.38,true
25,2018,1,584,138,3.94,94.51,30,9.43,true
25,2018,2,169,502,4.14,91.46,8,8.47,true
25,2019,1,495,127,8.02,94.08,24,7.49,true
25,2019,2,568,163,6.04,81.62,18,7.8,true
25,2020,1,155,482,4.29,82.32,31,9.45,true
25,2020,2,522,568,2.86,95.09,22,6.32,true
25,2021,1,134,452,2.8,81.78,7,7.83,true
25,2021,2,253,379,6.77,87.95,38,7.19,true
25,2022,1,246,537,6.3,94.79,7,9.27,true
25,2022,2,336,251,10.01,95.59,30,8.98,true
25,2023,1,205,496,4.04,91.34,31,7.92,true
25,2023,2,217,351,8.26,81.7,9,7.56,true
25,2024,1,138,503,10.82,80.15,7,9.43,true
25,2024,2,505,209,8.8,97.54,18,6.2,true
